357184981 Kimberly Lewis 1.11 1.0 3.22 0.19 2.55 3.67 2.91 1.64 2.04
251046446 Amanda Smith 2.0 3.69 3.66 3.73 1.54 1.38 2.73 1.25 2.5
187897544 Katrina Calderon 3.78 2.33 3.51 2.63 0.79 2.62 2.58 2.06 2.54
924643369 David Carr 1.86 1.79 2.33 2.64 3.71 0.16 1.75 2.26 2.06
810553614 Daniel Gonzalez 2.77 3.37 0.33 0.27 0.54 3.43 2.91 1.89 1.94
414137036 Spencer Wilson 0.3 2.15 2.31 0.33 3.78 2.5 3.98 2.92 2.28
382661157 Alexis Wilson 1.77 3.57 1.21 3.86 1.92 2.45 1.67 2.78 2.4
187364897 Brittany Clark 0.34 0.2 2.81 0.18 0.89 0.23 3.96 0.02 1.08
311449355 Crystal Chapman 1.6 0.97 2.86 2.31 3.15 1.09 1.55 1.03 1.82
501129546 Glenn Miller 3.43 2.08 0.71 2.36 3.61 3.63 2.56 3.98 2.79
